3.905999898910522461e+00
3.917999982833862305e+00
3.957000017166137695e+00
3.980999946594238281e+00
3.970000028610229492e+00
3.996000051498413086e+00
3.980000019073486328e+00
4.084000110626220703e+00
0.000000000000000000e+00
0.000000000000000000e+00
0.000000000000000000e+00
0.000000000000000000e+00
0.000000000000000000e+00
0.000000000000000000e+00
3.330000042915344238e-01
3.319999873638153076e-01
3.319999873638153076e-01
3.269999921321868896e-01
3.000000119209289551e-01
2.840000092983245850e-01
2.770000100135803223e-01
1.850000023841857910e-01
2.039999961853027344e-01
2.939999997615814209e-01
2.969999909400939941e-01
3.009999990463256836e-01
1.720000058412551880e-01
1.720000058412551880e-01
1.689999997615814209e-01
1.669999957084655762e-01
1.650000065565109253e-01
1.640000045299530029e-01
1.620000004768371582e-01
1.609999984502792358e-01
1.589999943971633911e-01
1.570000052452087402e-01
1.539999991655349731e-01
1.529999971389770508e-01
1.519999951124191284e-01
1.519999951124191284e-01
1.529999971389770508e-01
1.539999991655349731e-01
1.560000032186508179e-01
1.580000072717666626e-01
1.609999984502792358e-01
1.630000025033950806e-01
1.650000065565109253e-01
1.679999977350234985e-01
1.749999970197677612e-01
2.389999926090240479e-01
2.389999926090240479e-01
2.450000047683715820e-01
2.430000007152557373e-01
2.349999994039535522e-01
2.529999911785125732e-01
2.489999979734420776e-01
2.460000067949295044e-01
2.419999986886978149e-01
2.509999871253967285e-01
2.380000054836273193e-01
2.560000121593475342e-01
2.319999933242797852e-01
2.610000073909759521e-01
2.579999864101409912e-01
2.560000121593475342e-01
2.599999904632568359e-01
2.569999992847442627e-01
2.579999864101409912e-01
2.590000033378601074e-01
2.599999904632568359e-01
2.630000114440917969e-01
2.619999945163726807e-01
2.639999985694885254e-01
2.630000114440917969e-01
2.610000073909759521e-01
2.619999945163726807e-01
2.630000114440917969e-01
2.630000114440917969e-01
2.639999985694885254e-01
2.669999897480010986e-01
2.739999890327453613e-01
2.759999930858612061e-01
2.759999930858612061e-01
2.779999971389770508e-01
2.800000011920928955e-01
2.829999923706054688e-01
2.849999964237213135e-01
2.890000045299530029e-01
2.919999957084655762e-01
2.930000126361846924e-01
2.960000038146972656e-01
2.980000078678131104e-01
3.009999990463256836e-01
3.030000030994415283e-01
3.070000112056732178e-01
3.100000023841857910e-01
3.129999935626983643e-01
3.170000016689300537e-01
3.210000097751617432e-01
3.249999880790710449e-01
3.289999961853027344e-01
3.330000042915344238e-01
3.359999954700469971e-01
3.409999907016754150e-01
3.479999899864196777e-01
3.529999852180480957e-01
3.549999892711639404e-01
3.429999947547912598e-01
3.370000123977661133e-01
3.330000042915344238e-01
3.319999873638153076e-01
3.330000042915344238e-01
3.359999954700469971e-01
3.759999871253967285e-01
0.000000000000000000e+00
0.000000000000000000e+00
0.000000000000000000e+00
1.697999954223632812e+00
1.723000049591064453e+00
1.713999986648559570e+00
1.802999973297119141e+00
1.720999956130981445e+00
1.486999988555908203e+00
1.620000004768371582e+00
1.633000016212463379e+00
1.700000047683715820e+00
1.715000033378601074e+00
1.789999961853027344e+00
1.832000017166137695e+00
1.776000022888183594e+00
1.922000050544738770e+00
1.970000028610229492e+00
2.016999959945678711e+00
0.000000000000000000e+00
2.108000040054321289e+00
0.000000000000000000e+00
0.000000000000000000e+00
0.000000000000000000e+00
0.000000000000000000e+00
0.000000000000000000e+00
0.000000000000000000e+00
0.000000000000000000e+00
0.000000000000000000e+00
0.000000000000000000e+00
0.000000000000000000e+00
0.000000000000000000e+00
0.000000000000000000e+00
0.000000000000000000e+00
0.000000000000000000e+00
0.000000000000000000e+00
0.000000000000000000e+00
0.000000000000000000e+00
0.000000000000000000e+00
0.000000000000000000e+00
0.000000000000000000e+00
0.000000000000000000e+00
0.000000000000000000e+00
0.000000000000000000e+00
0.000000000000000000e+00
0.000000000000000000e+00
0.000000000000000000e+00
0.000000000000000000e+00
0.000000000000000000e+00
0.000000000000000000e+00
0.000000000000000000e+00
0.000000000000000000e+00
0.000000000000000000e+00
0.000000000000000000e+00
0.000000000000000000e+00
0.000000000000000000e+00
0.000000000000000000e+00
0.000000000000000000e+00
0.000000000000000000e+00
4.140000045299530029e-01
0.000000000000000000e+00
0.000000000000000000e+00
1.429000020027160645e+00
1.434000015258789062e+00
1.422000050544738770e+00
1.450000047683715820e+00
1.546000003814697266e+00
8.610000014305114746e-01
8.610000014305114746e-01
8.820000290870666504e-01
8.679999709129333496e-01
8.780000209808349609e-01
8.780000209808349609e-01
8.840000033378601074e-01
8.849999904632568359e-01
9.660000205039978027e-01
9.480000138282775879e-01
8.259999752044677734e-01
8.909999728202819824e-01
8.460000157356262207e-01
9.990000128746032715e-01
1.003999948501586914e+00
1.065999984741210938e+00
0.000000000000000000e+00
2.002000093460083008e+00
1.972000002861022949e+00
1.962000012397766113e+00
1.985000014305114746e+00
1.985000014305114746e+00
2.013000011444091797e+00
2.029000043869018555e+00
0.000000000000000000e+00
0.000000000000000000e+00
8.840000033378601074e-01
7.639999985694885254e-01
7.680000066757202148e-01
0.000000000000000000e+00
0.000000000000000000e+00
2.148000001907348633e+00
2.135999917984008789e+00
2.094000101089477539e+00
2.081000089645385742e+00
2.088999986648559570e+00
2.075000047683715820e+00
2.059000015258789062e+00
2.061000108718872070e+00
1.973000049591064453e+00
1.970000028610229492e+00
2.003000020980834961e+00
1.968000054359436035e+00
1.944000005722045898e+00
1.978000044822692871e+00
1.980999946594238281e+00
1.917000055313110352e+00
1.952000021934509277e+00
1.937000036239624023e+00
1.886999964714050293e+00
1.955000042915344238e+00
1.937999963760375977e+00
1.944000005722045898e+00
1.945999979972839355e+00
1.924999952316284180e+00
1.922000050544738770e+00
1.925999999046325684e+00
1.924999952316284180e+00
1.924000024795532227e+00
1.912999987602233887e+00
1.271000027656555176e+00
1.269000053405761719e+00
1.927999973297119141e+00
1.580000042915344238e+00
1.924999952316284180e+00
1.929999947547912598e+00
1.639000058174133301e+00
1.361999988555908203e+00
1.286000013351440430e+00
1.300999999046325684e+00
1.274000048637390137e+00
1.279999971389770508e+00
1.335999965667724609e+00
1.358999967575073242e+00
1.361999988555908203e+00
1.462000012397766113e+00
1.955999970436096191e+00
1.983000040054321289e+00
1.976999998092651367e+00
1.985999941825866699e+00
1.985000014305114746e+00
2.013000011444091797e+00
2.016999959945678711e+00
1.998000025749206543e+00
2.042000055313110352e+00
2.046999931335449219e+00
2.068000078201293945e+00
2.082999944686889648e+00
2.072999954223632812e+00
2.095999956130981445e+00
2.102999925613403320e+00
2.124000072479248047e+00
2.138999938964843750e+00
2.186000108718872070e+00
2.194000005722045898e+00
2.211999893188476562e+00
2.237999916076660156e+00
2.210000038146972656e+00
2.282000064849853516e+00
2.311000108718872070e+00
2.336999893188476562e+00
2.361999988555908203e+00
2.394999980926513672e+00
2.427000045776367188e+00
2.440999984741210938e+00
2.477999925613403320e+00
2.542000055313110352e+00
2.563999891281127930e+00
2.596999883651733398e+00
2.670000076293945312e+00
2.858000040054321289e+00
2.750000000000000000e+00
2.801000118255615234e+00
2.921999931335449219e+00
2.951999902725219727e+00
2.980000019073486328e+00
3.065000057220458984e+00
3.102999925613403320e+00
3.204999923706054688e+00
3.292999982833862305e+00
3.319000005722045898e+00
3.413000106811523438e+00
3.454999923706054688e+00
3.602999925613403320e+00
3.694000005722045898e+00
3.822999954223632812e+00
3.947000026702880859e+00
4.006999969482421875e+00
3.943000078201293945e+00
3.964999914169311523e+00
3.823999881744384766e+00
3.852999925613403320e+00
3.809000015258789062e+00
3.857000112533569336e+00
3.762000083923339844e+00
3.621999979019165039e+00
3.661999940872192383e+00
3.711999893188476562e+00
3.653000116348266602e+00
3.678999900817871094e+00
0.000000000000000000e+00
3.637000083923339844e+00
3.634000062942504883e+00
3.651999950408935547e+00
3.556999921798706055e+00
3.582000017166137695e+00
3.575999975204467773e+00
3.540999889373779297e+00
3.516999959945678711e+00
3.489000082015991211e+00
3.528000116348266602e+00
3.572000026702880859e+00
1.957000017166137695e+00
1.769000053405761719e+00
0.000000000000000000e+00
0.000000000000000000e+00
3.528000116348266602e+00
3.492000102996826172e+00
3.503000020980834961e+00
3.523000001907348633e+00
3.532000064849853516e+00
3.542999982833862305e+00
3.569999933242797852e+00
3.526999950408935547e+00
3.585999965667724609e+00
3.546999931335449219e+00
3.519999980926513672e+00
3.598999977111816406e+00
3.561000108718872070e+00
3.605000019073486328e+00
3.650000095367431641e+00
3.644999980926513672e+00
3.696000099182128906e+00
3.710999965667724609e+00
3.734999895095825195e+00
3.813999891281127930e+00
3.726000070571899414e+00
3.782000064849853516e+00
3.828999996185302734e+00
