111111111111111111111111111111111111111111111111111111111111111111111111111111111111111111111111111111111111111111111111111111111111111111
111111111111111111111111111111111111111111111111111111111111111111111111111111111111111111111111111111111111111111111111111111111111111111
111111111111111111111111111111111111111111111111111111111111111111111111111111111111111111111111111111111111111111111111111111111111111111
111111111111111111111111111111111111111111111111111111111111111111111111111111111111111111111111111111111111111111111111111111111111111111
111111111111111111111111111111111111111111111111111111111111111111111111111111111111111111111111111111111111111111111111111111111111111111
111111111111111111111111111111111111111111111111111111111111111111111111111111111111111111111111111111111111111111111111111111112211111111
111111111111111111111111111111111111111111111111111111111111111111111111111111111111111111111111111111111111111111111111111111112211111111
111111111111111111111111111111111111111111111111111111111111111111111111111111111111111111111111111111111111111111111111111111122311111111
111111111111111111111111111111111111111111111111111111111111111111111111111111111111111111111111111111111111111111111111111111122311111111
111111111111111111111111111111111111111111111111111111111111111111111111111111111111111111111111111111111111111111111111111111122321111111
111111111111111111111111111111111111111111111111111111111111111111111111111111111111111111111111111111111111111111111111111111222321111111
111111111111111111111111111111111111111111111111111111111111111111111111111111111111111111111111111111111111111111111111111111222321111111
111111111111111111111111111111111111111111111111111111111111111111111111111111111111111111111111111111111111111111111111111111222321111111
111111111111111111111111111111111111111111111111111111111111111111111111111111111111111111111111111111111111111111111111111111222321111111
111111111111111111111111111111111111111111111111111111111111111111111111111111111111111111111111111111111111111111111111111112222321111111
111111111111111111111111111111111111111111111111111111111111111111111111111111111111111111111111111111111111111111111111111112222321111111
111111111111111111111111111111111111111111111111111111111111111111111111111111111111111111111111111111111111111111111111111112222321111111
111111111111111111111111111111111111111111111111111111111111111111111111111111111111111111111111111111111111111111111111111122222321111111
111111111111111111111111111111111111111111111111111111111111111111111111111111111111111111111111111111111111111111111111111122222321111111
111111111111111111111111111111111111111111111111111111111111111111111111111111111111111111111111111111111111111111111111111122222321111111
111111111111111111111111111111111111111111111111111111111111111111111111111111111111111111111111111111111111111111111111111222222321111111
111111111111111111111111111111111111111111111111111111111111111111111111111111111111111111111111111111111111111111111111111222222321111111
111111111111111111111111111111111111111111111111111111111111111111111111111111111111111111111111111111111111111111111111111222222322211111
111111111111111111111111111111111111111111111111111111111111111111111111111111111111111111111111111111111111111111111111112222222333311111
111111111111111111111111111111111111111111111111111111111111111111111111111111111111111111111111111111111111111111111111112222222233311111
111111111111111111111111111111111111111111111111111111111111111111111111111111111111111111111111111111111111111111111111122222222222211111
111111111111111111111111111111111111111111111111111111111111111111111111111111111111111111111111111111111111111111111111222222222222211111
111111111111111111111111111111111111111111111111111111111111111111111111111111111111111111111111111111111111111111111112222222222222211111
111111111111111111111111111111111111111111111111111111111111111111111111111111111111111111111111111111111111111111111122222222222222111111
111111111111111111111111111111111111111111111111111111111111111111111111111111111111111111111111111111111111111111111222222222222222111111
111111111111111111111111111111111111111111111111111111111111111111111111111111111111111111111111111111111111111111112222222222222221111111
111111111111111111111111111111111111111111111111111111111111111111111111111111111111111111111111111111111111111111122222222222222221111111
111111111111111111111111111111111111111111111111111111111111111111111111111111111111111111111111111111111111111112222222222222222221111111
111111111111111111111111111111111111111111111111111111111111111111111111111111111111111111111111111111111111111122222222222222222211111111
111111111111111111111111111111111111111111111111111111111111111111111111111111111111111111111111111111111111111222222222222222222211111111
111111111111111111111111111111111111111111111111111111111111111111111111111111111111111111111111111111111111112222222222222222222211111111
111111111111111111111111111111111111111111111111111111111111111111111111111111111111111111111111111111111111222222222222222222222111111111
111111111111111111111111111111111111111111111111111111111111111111111111111111111111111111111111111111111112222222222222222222222111111111
111111111111111111111111111111111111111111111111111111111111111111111111111111111111111111111111111112211122222222222222222222222221111111
111111111111111111111111111111111111111111111111111111111111111111111111111111111111111111111111111113321222222222222222222222222321111111
111111111111111111111111111111111111112221122222222222222222222222222222222222222222222222222222222223322222222222222222222222222321111111
111111111111111111111111111111111111222222222222222222223233333333333333333333333333333333333333333333322222222222222222222222222331111111
111111111111111111111111111111111111233333333333333333333333333333333333333333333333333333333333333333322222222222222222222222222331111111
111111111111111111111111111111111111122222222222222222222222222222222222222222222222222222222222222222222222222222222222222222222321111111
111111111111111111111111111111111111112222222222222222222222222222222222222222222222222222222222222222222222222222222222222222222331111111
111111111111111111111111111111111111111122222222222222222222222222222222222222222222222222222222222222222222222222222222222222222331111111
111111111111111111111111111111111111111112222222222222222222222222222222222222222222222222222222222222222222222222222222222222222331111111
111111111111111111111111111111111111111111122222222222222222222222222222222222222222222222222222222222222222222222222222222222222331111111
111111111111111111111111111111111111111111112222222222222222222222222222222222222222222222222222222222222222222222222222222222222331111111
111111111111111111111111111111111111111111111122222222222222222222222222222222222222222222222222222222222222222222222222222222222331111111
111111111111111111111111111111111111111111111112222222222222222222222222222222222222222222222222222222222222222222222222222222222331111111
111111111111111111111111111111111111111111111111222222222222222222222222222222222222222222222222222222222222222222222222222222222331111111
111111111111111111111111111111111111111111111111112222222222222222222222222222222222222222222222222222222222222222222222222222222331111111
111111111111111111111111111111111111111111111111111222222222222222222222222222222222222222222222222222222222222222222222222222222331111111
111111111111111111111111111111111111111111111111111112222222222222222222222222222222222222222222222222222222222222222222222222222331111111
111111111111111111111111111111111111111111111111111111222222222222222222222222222222222222222222222222222222222222222222222222222331111111
111111111111111111111111111111111111111111111111111111122222222222222222222222222222222222222222222222222222222222222222222222222331111111
111111111111111111111111111111111111111111111111111111111222222222222222222222222222222222222222222222222222222222222222222222222331111111
111113222222221111111111111111111111111111111111111111111122222222222222222222222222222222222222222222222222222222222222222222222331111111
111113222222222222222222111111111111111111111111111111111111222222222222222222222222222222222222222222222222222222222222222222222331111111
111113222222222222222222222222222221111111111111111111111111122222222222222222222222222222222222222222222222222222222222222222222331111111
111113222222222222222222222222222222222222222211111111111111112222222222222222222222222222222222222222222222222222222222222222222331111111
111113222222222222222222222222222222222222222222222222222211111122222222222222222222222222222222222222222222222222222222222222222331111111
111113222222222222222222222222222222222222222222222222222222222222222222222222222222222222222222222222222222222222222222222222222331111111
111113222222222222222222222222222222222222222222222222222222222222222222222222222222222222222222222222222222222222222222222222222331111111
111113222222222222222222222222222222222222222222222222222222222222222222222222222222222222222222222222222222222222222222222222222331111111
111113222222222222222222222222222222222222222222222222222222222221111222222222222222222222222222222222222222222222222222222222222331111111
111113222222222222222222222222222222222222222222222222211111111111112222222222222222222222222222222222222222222222222222222222222331111111
111113222222222222222222222222222222222222222211111111111111111111222222222222222222222222222222222222222222222222222222222222222331111111
111113222222222222222222222222222222211111111111111111111111111122222222222222222222222222222222222222222222222222222222222222222331111111
111113222222222222222222222111111111111111111111111111111111112222222222222222222222222222222222222222222222222222222222222222222331111111
111113222222222222111111111111111111111111111111111111111111222222222222222222222222222222222222222222222222222222222222222222222331111111
111112222111111111111111111111111111111111111111111111111122222222222222222222222222222222222222222222222222222222222222222222222331111111
111111111111111111111111111111111111111111111111111111112222222222222222222222222222222222222222222222222222222222222222222222222331111111
111111111111111111111111111111111111111111111111111111222222222222222222222222222222222222222222222222222222222222222222222222222331111111
111111111111111111111111111111111111111111111111111122222222222222222222222222222222222222222222222222222222222222222222222222222331111111
111111111111111111111111111111111111111111111111112222222222222222222222222222222222222222222222222222222222222222222222222222222331111111
111111111111111111111111111111111111111111111111222222222222222222222222222222222222222222222222222222222222222222222222222222222331111111
111111111111111111111111111111111111111111111122222222222222222222222222222222222222222222222222222222222222222222222222222222222331111111
111111111111111111111111111111111111111111112222222222222222222222222222222222222222222222222222222222222222222222222222222222222331111111
111111111111111111111111111111111111111112222222222222222222222222222222222222222222222222222222222222222222222222222222222222222331111111
111111111111111111111111111111111111112222222222222222222222222222222222222222222222222222222222222222222222222222222222222222222331111111
111111111111111111111111111111111122222222222222222222222222222222222222222222222222222222222222222222222222222222222222222222222331111111
111111111111111111111111111111111122222222222222222222222222222222222222222222222222222222222222222222222202222222222222222222222331111111
111111111111111111111111111111111123333333333333333333333333322222222222222222222222222222222222222222222222222222222222222222222331111111
111111111111111111111111111111111111111122222222222222222223322222222222222222222222222222222222222222222222222222222222222222222331111111
111111111111111111111111111111111111111111111111111111111113322222222222222222222222222222223333333333333333333333333333333333333331111111
111111111111111111111111111111111111111111111111111111111113322222222222222222222222222222223333333333333333333332223222222222222221111111
111111111111111111111111111111111111111111111111111111111112222222222222222222222222222222223311122122222222222222222221111111111111111111
111111111111111111111111111111111111111111111111111111111111222222222222222222222222222222223311111111111111111111111111111111111111111111
111111111111111111111111111111111111111111111111111111111111222222222222222222222222222222222211111111111111111111111111111111111111111111
111111111111111111111111111111111111111111111111111111111112222222222222222222222222222222221111111111111111111111111111111111111111111111
111111111111111111111111111111111111111111111111111111111122222222222222222222222222222222221111111111111111111111111111111111111111111111
111111111111111111111111111111111111111111111111111111111122222222222222222222222222222222221111111111111111111111111111111111111111111111
111111111111111111111111111111111111111111111111111111111222222222222222222222222222222222211111111111111111111111111111111111111111111111
111111111111111111111111111111111111111111111111111111112222222222222222222222222222222222211111111111111111111111111111111111111111111111
111111111111111111111111111111111111111111111111111111122222222222222222222222222222222222211111111111111111111111111111111111111111111111
111111111111111111111111111111111111111111111111111111222222222222222222222222222222222222211111111111111111111111111111111111111111111111
111111111111111111111111111111111111111111111111111111222222222222222222222222222222222222111111111111111111111111111111111111111111111111
111111111111111111111111111111111111111111111111111112222222222222222222222222222222222222111111111111111111111111111111111111111111111111
111111111111111111111111111111111111111111111111111122222222222222222222222222222222222222111111111111111111111111111111111111111111111111
111111111111111111111111111111111111111111111111111222222222222222222222222222222222222221111111111111111111111111111111111111111111111111
111111111111111111111111111111111111111111111111112222222222222222222222222222222222222221111111111111111111111111111111111111111111111111
111111111111111111111111111111111111111111111111112222222222222222222222222222222222222221111111111111111111111111111111111111111111111111
111111111111111111111111111111111111111111111111122222222222222222222222222222222222222221111111111111111111111111111111111111111111111111
111111111111111111111111111111111111111111111111222222222222222222222222222222222222222211111111111111111111111111111111111111111111111111
111111111111111111111111111111111111111111111112222222222222222222222222222222222222222211111111111111111111111111111111111111111111111111
111111111111111111111111111111111111111111111122222222222222222222222222222222222222222211111111111111111111111111111111111111111111111111
111111111111111111111111111111111111111111111222222222222222222222222222222222222222222211111111111111111111111111111111111111111111111111
111111111111111111111111111111111111111111111222222222222222222222222222222222222222222111111111111111111111111111111111111111111111111111
111111111111111111111111111111111111111111112222222222222222222222222222222222222222222111111111111111111111111111111111111111111111111111
111111111111111111111111111111111111111111122222222222222222222222222222222222222222222111111111111111111111111111111111111111111111111111
111111111111111111111111111111111111111111222222222222222222222222222222222222222222221111111111111111111111111111111111111111111111111111
111111111111111111111111111111111111111112222222222222222222222222222222222222222222221111111111111111111111111111111111111111111111111111
111111111111111111111111111111111111111122222222222222222222222222222222222222222222221111111111111111111111111111111111111111111111111111
111111111111111111111111111111111111111222222222222222222222222222222222222222222222221111111111111111111111111111111111111111111111111111
111111111111111111111111111111111111111222222222222222222222222222222222222222222222211111111111111111111111111111111111111111111111111111
111111111111111111111111111111111111112222222222222222222222222222222222222222222222211111111111111111111111111111111111111111111111111111
111111111111111111111111111111111111122222222222222222222222222222222222222222222222211111111111111111111111111111111111111111111111111111
111111111111111111111111111111111111222222222222222222222222222222222222222222222222211111111111111111111111111111111111111111111111111111
111111111111111111111111111111111112222222222222222222222222222222222222222222222222111111111111111111111111111111111111111111111111111111
111111111111111111111111111111111122222222222222222222222222222222222222222222222222111111111111111111111111111111111111111111111111111111
111111111111111111111111111111111222222222222222222222222222222222222222222222222222111111111111111111111111111111111111111111111111111111
111111111111111111111111111111111222222222222222222222222222222222222222222222222221111111111111111111111111111111111111111111111111111111
111111111111111111111111111111112222222222222222222222222222222222222222222222222221111111111111111111111111111111111111111111111111111111
111111111111111111111111111111112333333333333333333333333333333333333333333333333321111111111111111111111111111111111111111111111111111111
111111111111111111111111111111111111121111221121112211112121211111221112211111122321111111111111111111111111111111111111111111111111111111
111111111111111111111111111111111111111111111111111111111111111111111111111111112311111111111111111111111111111111111111111111111111111111
111111111111111111111111111111111111111111111111111111111111111111111111111111112311111111111111111111111111111111111111111111111111111111
111111111111111111111111111111111111111111111111111111111111111111111111111111111111111111111111111111111111111111111111111111111111111111
111111111111111111111111111111111111111111111111111111111111111111111111111111111111111111111111111111111111111111111111111111111111111111
111111111111111111111111111111111111111111111111111111111111111111111111111111111111111111111111111111111111111111111111111111111111111111
111111111111111111111111111111111111111111111111111111111111111111111111111111111111111111111111111111111111111111111111111111111111111111
111111111111111111111111111111111111111111111111111111111111111111111111111111111111111111111111111111111111111111111111111111111111111111
